-6.283 	 0.000
-6.273 	 0.020
-6.263 	 0.040
-6.253 	 0.060
-6.243 	 0.080
-6.233 	 0.100
-6.223 	 0.120
-6.213 	 0.140
-6.203 	 0.160
-6.193 	 0.180
-6.183 	 0.200
-6.173 	 0.220
-6.163 	 0.239
-6.153 	 0.259
-6.143 	 0.279
-6.133 	 0.299
-6.123 	 0.319
-6.113 	 0.338
-6.103 	 0.358
-6.093 	 0.378
-6.083 	 0.397
-6.073 	 0.417
-6.063 	 0.436
-6.053 	 0.456
-6.043 	 0.475
-6.033 	 0.495
-6.023 	 0.514
-6.013 	 0.533
-6.003 	 0.553
-5.993 	 0.572
-5.983 	 0.591
-5.973 	 0.610
-5.963 	 0.629
-5.953 	 0.648
-5.943 	 0.667
-5.933 	 0.686
-5.923 	 0.705
-5.913 	 0.723
-5.903 	 0.742
-5.893 	 0.760
-5.883 	 0.779
-5.873 	 0.797
-5.863 	 0.816
-5.853 	 0.834
-5.843 	 0.852
-5.833 	 0.870
-5.823 	 0.888
-5.813 	 0.906
-5.803 	 0.924
-5.793 	 0.941
-5.783 	 0.959
-5.773 	 0.976
-5.763 	 0.994
-5.753 	 1.011
-5.743 	 1.028
-5.733 	 1.045
-5.723 	 1.062
-5.713 	 1.079
-5.703 	 1.096
-5.693 	 1.113
-5.683 	 1.129
-5.673 	 1.146
-5.663 	 1.162
-5.653 	 1.178
-5.643 	 1.194
-5.633 	 1.210
-5.623 	 1.226
-5.613 	 1.242
-5.603 	 1.258
-5.593 	 1.273
-5.583 	 1.288
-5.573 	 1.304
-5.563 	 1.319
-5.553 	 1.334
-5.543 	 1.349
-5.533 	 1.363
-5.523 	 1.378
-5.513 	 1.392
-5.503 	 1.407
-5.493 	 1.421
-5.483 	 1.435
-5.473 	 1.449
-5.463 	 1.462
-5.453 	 1.476
-5.443 	 1.489
-5.433 	 1.503
-5.423 	 1.516
-5.413 	 1.529
-5.403 	 1.541
-5.393 	 1.554
-5.383 	 1.567
-5.373 	 1.579
-5.363 	 1.591
-5.353 	 1.603
-5.343 	 1.615
-5.333 	 1.627
-5.323 	 1.638
-5.313 	 1.650
-5.303 	 1.661
-5.293 	 1.672
-5.283 	 1.683
-5.273 	 1.694
-5.263 	 1.704
-5.253 	 1.715
-5.243 	 1.725
-5.233 	 1.735
-5.223 	 1.745
-5.213 	 1.754
-5.203 	 1.764
-5.193 	 1.773
-5.183 	 1.782
-5.173 	 1.791
-5.163 	 1.800
-5.153 	 1.809
-5.143 	 1.817
-5.133 	 1.826
-5.123 	 1.834
-5.113 	 1.842
-5.103 	 1.849
-5.093 	 1.857
-5.083 	 1.864
-5.073 	 1.871
-5.063 	 1.878
-5.053 	 1.885
-5.043 	 1.892
-5.033 	 1.898
-5.023 	 1.904
-5.013 	 1.910
-5.003 	 1.916
-4.993 	 1.922
-4.983 	 1.927
-4.973 	 1.932
-4.963 	 1.937
-4.953 	 1.942
-4.943 	 1.947
-4.933 	 1.951
-4.923 	 1.956
-4.913 	 1.960
-4.903 	 1.964
-4.893 	 1.967
-4.883 	 1.971
-4.873 	 1.974
-4.863 	 1.977
-4.853 	 1.980
-4.843 	 1.983
-4.833 	 1.985
-4.823 	 1.988
-4.813 	 1.990
-4.803 	 1.992
-4.793 	 1.993
-4.783 	 1.995
-4.773 	 1.996
-4.763 	 1.997
-4.753 	 1.998
-4.743 	 1.999
-4.733 	 2.000
-4.723 	 2.000
-4.713 	 2.000
-4.703 	 2.000
-4.693 	 2.000
-4.683 	 1.999
-4.673 	 1.998
-4.663 	 1.998
-4.653 	 1.996
-4.643 	 1.995
-4.633 	 1.994
-4.623 	 1.992
-4.613 	 1.990
-4.603 	 1.988
-4.593 	 1.986
-4.583 	 1.983
-4.573 	 1.981
-4.563 	 1.978
-4.553 	 1.975
-4.543 	 1.971
-4.533 	 1.968
-4.523 	 1.964
-4.513 	 1.960
-4.503 	 1.956
-4.493 	 1.952
-4.483 	 1.948
-4.473 	 1.943
-4.463 	 1.938
-4.453 	 1.933
-4.443 	 1.928
-4.433 	 1.923
-4.423 	 1.917
-4.413 	 1.911
-4.403 	 1.905
-4.393 	 1.899
-4.383 	 1.893
-4.373 	 1.886
-4.363 	 1.879
-4.353 	 1.872
-4.343 	 1.865
-4.333 	 1.858
-4.323 	 1.850
-4.313 	 1.843
-4.303 	 1.835
-4.293 	 1.827
-4.283 	 1.819
-4.273 	 1.810
-4.263 	 1.802
-4.253 	 1.793
-4.243 	 1.784
-4.233 	 1.775
-4.223 	 1.765
-4.213 	 1.756
-4.203 	 1.746
-4.193 	 1.736
-4.183 	 1.726
-4.173 	 1.716
-4.163 	 1.706
-4.153 	 1.695
-4.143 	 1.685
-4.133 	 1.674
-4.123 	 1.663
-4.113 	 1.652
-4.103 	 1.640
-4.093 	 1.629
-4.083 	 1.617
-4.073 	 1.605
-4.063 	 1.593
-4.053 	 1.581
-4.043 	 1.569
-4.033 	 1.556
-4.023 	 1.544
-4.013 	 1.531
-4.003 	 1.518
-3.993 	 1.505
-3.983 	 1.491
-3.973 	 1.478
-3.963 	 1.464
-3.953 	 1.451
-3.943 	 1.437
-3.933 	 1.423
-3.923 	 1.409
-3.913 	 1.395
-3.903 	 1.380
-3.893 	 1.366
-3.883 	 1.351
-3.873 	 1.336
-3.863 	 1.321
-3.853 	 1.306
-3.843 	 1.291
-3.833 	 1.276
-3.823 	 1.260
-3.813 	 1.244
-3.803 	 1.229
-3.793 	 1.213
-3.783 	 1.197
-3.773 	 1.181
-3.763 	 1.165
-3.753 	 1.148
-3.743 	 1.132
-3.733 	 1.115
-3.723 	 1.099
-3.713 	 1.082
-3.703 	 1.065
-3.693 	 1.048
-3.683 	 1.031
-3.673 	 1.014
-3.663 	 0.997
-3.653 	 0.979
-3.643 	 0.962
-3.633 	 0.944
-3.623 	 0.926
-3.613 	 0.909
-3.603 	 0.891
-3.593 	 0.873
-3.583 	 0.855
-3.573 	 0.837
-3.563 	 0.818
-3.553 	 0.800
-3.543 	 0.782
-3.533 	 0.763
-3.523 	 0.745
-3.513 	 0.726
-3.503 	 0.708
-3.493 	 0.689
-3.483 	 0.670
-3.473 	 0.651
-3.463 	 0.632
-3.453 	 0.613
-3.443 	 0.594
-3.433 	 0.575
-3.423 	 0.556
-3.413 	 0.537
-3.403 	 0.517
-3.393 	 0.498
-3.383 	 0.478
-3.373 	 0.459
-3.363 	 0.440
-3.353 	 0.420
-3.343 	 0.400
-3.333 	 0.381
-3.323 	 0.361
-3.313 	 0.342
-3.303 	 0.322
-3.293 	 0.302
-3.283 	 0.282
-3.273 	 0.262
-3.263 	 0.243
-3.253 	 0.223
-3.243 	 0.203
-3.233 	 0.183
-3.223 	 0.163
-3.213 	 0.143
-3.203 	 0.123
-3.193 	 0.103
-3.183 	 0.083
-3.173 	 0.063
-3.163 	 0.043
-3.153 	 0.023
-3.143 	 0.003
-3.133 	 -0.017
-3.123 	 -0.037
-3.113 	 -0.057
-3.103 	 -0.077
-3.093 	 -0.097
-3.083 	 -0.117
-3.073 	 -0.137
-3.063 	 -0.157
-3.053 	 -0.177
-3.043 	 -0.196
-3.033 	 -0.216
-3.023 	 -0.236
-3.013 	 -0.256
-3.003 	 -0.276
-2.993 	 -0.296
-2.983 	 -0.315
-2.973 	 -0.335
-2.963 	 -0.355
-2.953 	 -0.375
-2.943 	 -0.394
-2.933 	 -0.414
-2.923 	 -0.433
-2.913 	 -0.453
-2.903 	 -0.472
-2.893 	 -0.492
-2.883 	 -0.511
-2.873 	 -0.530
-2.863 	 -0.550
-2.853 	 -0.569
-2.843 	 -0.588
-2.833 	 -0.607
-2.823 	 -0.626
-2.813 	 -0.645
-2.803 	 -0.664
-2.793 	 -0.683
-2.783 	 -0.702
-2.773 	 -0.720
-2.763 	 -0.739
-2.753 	 -0.757
-2.743 	 -0.776
-2.733 	 -0.794
-2.723 	 -0.813
-2.713 	 -0.831
-2.703 	 -0.849
-2.693 	 -0.867
-2.683 	 -0.885
-2.673 	 -0.903
-2.663 	 -0.921
-2.653 	 -0.938
-2.643 	 -0.956
-2.633 	 -0.974
-2.623 	 -0.991
-2.613 	 -1.008
-2.603 	 -1.026
-2.593 	 -1.043
-2.583 	 -1.060
-2.573 	 -1.077
-2.563 	 -1.093
-2.553 	 -1.110
-2.543 	 -1.127
-2.533 	 -1.143
-2.523 	 -1.159
-2.513 	 -1.176
-2.503 	 -1.192
-2.493 	 -1.208
-2.483 	 -1.224
-2.473 	 -1.239
-2.463 	 -1.255
-2.453 	 -1.271
-2.443 	 -1.286
-2.433 	 -1.301
-2.423 	 -1.316
-2.413 	 -1.331
-2.403 	 -1.346
-2.393 	 -1.361
-2.383 	 -1.376
-2.373 	 -1.390
-2.363 	 -1.404
-2.353 	 -1.418
-2.343 	 -1.432
-2.333 	 -1.446
-2.323 	 -1.460
-2.313 	 -1.474
-2.303 	 -1.487
-2.293 	 -1.500
-2.283 	 -1.514
-2.273 	 -1.527
-2.263 	 -1.539
-2.253 	 -1.552
-2.243 	 -1.565
-2.233 	 -1.577
-2.223 	 -1.589
-2.213 	 -1.601
-2.203 	 -1.613
-2.193 	 -1.625
-2.183 	 -1.637
-2.173 	 -1.648
-2.163 	 -1.659
-2.153 	 -1.670
-2.143 	 -1.681
-2.133 	 -1.692
-2.123 	 -1.703
-2.113 	 -1.713
-2.103 	 -1.723
-2.093 	 -1.733
-2.083 	 -1.743
-2.073 	 -1.753
-2.063 	 -1.762
-2.053 	 -1.772
-2.043 	 -1.781
-2.033 	 -1.790
-2.023 	 -1.799
-2.013 	 -1.807
-2.003 	 -1.816
-1.993 	 -1.824
-1.983 	 -1.832
-1.973 	 -1.840
-1.963 	 -1.848
-1.953 	 -1.856
-1.943 	 -1.863
-1.933 	 -1.870
-1.923 	 -1.877
-1.913 	 -1.884
-1.903 	 -1.891
-1.893 	 -1.897
-1.883 	 -1.903
-1.873 	 -1.909
-1.863 	 -1.915
-1.853 	 -1.921
-1.843 	 -1.926
-1.833 	 -1.932
-1.823 	 -1.937
-1.813 	 -1.942
-1.803 	 -1.946
-1.793 	 -1.951
-1.783 	 -1.955
-1.773 	 -1.959
-1.763 	 -1.963
-1.753 	 -1.967
-1.743 	 -1.970
-1.733 	 -1.974
-1.723 	 -1.977
-1.713 	 -1.980
-1.703 	 -1.982
-1.693 	 -1.985
-1.683 	 -1.987
-1.673 	 -1.990
-1.663 	 -1.991
-1.653 	 -1.993
-1.643 	 -1.995
-1.633 	 -1.996
-1.623 	 -1.997
-1.613 	 -1.998
-1.603 	 -1.999
-1.593 	 -1.999
-1.583 	 -2.000
-1.573 	 -2.000
-1.563 	 -2.000
-1.553 	 -2.000
-1.543 	 -1.999
-1.533 	 -1.999
-1.523 	 -1.998
-1.513 	 -1.997
-1.503 	 -1.995
-1.493 	 -1.994
-1.483 	 -1.992
-1.473 	 -1.990
-1.463 	 -1.988
-1.453 	 -1.986
-1.443 	 -1.984
-1.433 	 -1.981
-1.423 	 -1.978
-1.413 	 -1.975
-1.403 	 -1.972
-1.393 	 -1.969
-1.383 	 -1.965
-1.373 	 -1.961
-1.363 	 -1.957
-1.353 	 -1.953
-1.343 	 -1.948
-1.333 	 -1.944
-1.323 	 -1.939
-1.313 	 -1.934
-1.303 	 -1.929
-1.293 	 -1.923
-1.283 	 -1.918
-1.273 	 -1.912
-1.263 	 -1.906
-1.253 	 -1.900
-1.243 	 -1.894
-1.233 	 -1.887
-1.223 	 -1.880
-1.213 	 -1.873
-1.203 	 -1.866
-1.193 	 -1.859
-1.183 	 -1.852
-1.173 	 -1.844
-1.163 	 -1.836
-1.153 	 -1.828
-1.143 	 -1.820
-1.133 	 -1.812
-1.123 	 -1.803
-1.113 	 -1.794
-1.103 	 -1.785
-1.093 	 -1.776
-1.083 	 -1.767
-1.073 	 -1.757
-1.063 	 -1.748
-1.053 	 -1.738
-1.043 	 -1.728
-1.033 	 -1.718
-1.023 	 -1.708
-1.013 	 -1.697
-1.003 	 -1.686
-0.993 	 -1.676
-0.983 	 -1.665
-0.973 	 -1.653
-0.963 	 -1.642
-0.953 	 -1.631
-0.943 	 -1.619
-0.933 	 -1.607
-0.923 	 -1.595
-0.913 	 -1.583
-0.903 	 -1.571
-0.893 	 -1.558
-0.883 	 -1.546
-0.873 	 -1.533
-0.863 	 -1.520
-0.853 	 -1.507
-0.843 	 -1.494
-0.833 	 -1.480
-0.823 	 -1.467
-0.813 	 -1.453
-0.803 	 -1.439
-0.793 	 -1.425
-0.783 	 -1.411
-0.773 	 -1.397
-0.763 	 -1.382
-0.753 	 -1.368
-0.743 	 -1.353
-0.733 	 -1.338
-0.723 	 -1.324
-0.713 	 -1.308
-0.703 	 -1.293
-0.693 	 -1.278
-0.683 	 -1.263
-0.673 	 -1.247
-0.663 	 -1.231
-0.653 	 -1.215
-0.643 	 -1.199
-0.633 	 -1.183
-0.623 	 -1.167
-0.613 	 -1.151
-0.603 	 -1.135
-0.593 	 -1.118
-0.583 	 -1.101
-0.573 	 -1.085
-0.563 	 -1.068
-0.553 	 -1.051
-0.543 	 -1.034
-0.533 	 -1.017
-0.523 	 -0.999
-0.513 	 -0.982
-0.503 	 -0.964
-0.493 	 -0.947
-0.483 	 -0.929
-0.473 	 -0.911
-0.463 	 -0.894
-0.453 	 -0.876
-0.443 	 -0.858
-0.433 	 -0.840
-0.423 	 -0.821
-0.413 	 -0.803
-0.403 	 -0.785
-0.393 	 -0.766
-0.383 	 -0.748
-0.373 	 -0.729
-0.363 	 -0.711
-0.353 	 -0.692
-0.343 	 -0.673
-0.333 	 -0.654
-0.323 	 -0.635
-0.313 	 -0.616
-0.303 	 -0.597
-0.293 	 -0.578
-0.283 	 -0.559
-0.273 	 -0.540
-0.263 	 -0.520
-0.253 	 -0.501
-0.243 	 -0.482
-0.233 	 -0.462
-0.223 	 -0.443
-0.213 	 -0.423
-0.203 	 -0.404
-0.193 	 -0.384
-0.183 	 -0.364
-0.173 	 -0.345
-0.163 	 -0.325
-0.153 	 -0.305
-0.143 	 -0.285
-0.133 	 -0.266
-0.123 	 -0.246
-0.113 	 -0.226
-0.103 	 -0.206
-0.093 	 -0.186
-0.083 	 -0.166
-0.073 	 -0.146
-0.063 	 -0.126
-0.053 	 -0.106
-0.043 	 -0.086
-0.033 	 -0.066
-0.023 	 -0.046
-0.013 	 -0.026
-0.003 	 -0.006
0.007 	 0.014
0.017 	 0.034
0.027 	 0.054
0.037 	 0.074
0.047 	 0.094
0.057 	 0.114
0.067 	 0.134
0.077 	 0.153
0.087 	 0.173
0.097 	 0.193
0.107 	 0.213
0.117 	 0.233
0.127 	 0.253
0.137 	 0.273
0.147 	 0.293
0.157 	 0.312
0.167 	 0.332
0.177 	 0.352
0.187 	 0.371
0.197 	 0.391
0.207 	 0.411
0.217 	 0.430
0.227 	 0.450
0.237 	 0.469
0.247 	 0.489
0.257 	 0.508
0.267 	 0.527
0.277 	 0.547
0.287 	 0.566
0.297 	 0.585
0.307 	 0.604
0.317 	 0.623
0.327 	 0.642
0.337 	 0.661
0.347 	 0.680
0.357 	 0.699
0.367 	 0.717
0.377 	 0.736
0.387 	 0.754
0.397 	 0.773
0.407 	 0.791
0.417 	 0.810
0.427 	 0.828
0.437 	 0.846
0.447 	 0.864
0.457 	 0.882
0.467 	 0.900
0.477 	 0.918
0.487 	 0.936
0.497 	 0.953
0.507 	 0.971
0.517 	 0.988
0.527 	 1.006
0.537 	 1.023
0.547 	 1.040
0.557 	 1.057
0.567 	 1.074
0.577 	 1.091
0.587 	 1.107
0.597 	 1.124
0.607 	 1.141
0.617 	 1.157
0.627 	 1.173
0.637 	 1.189
0.647 	 1.205
0.657 	 1.221
0.667 	 1.237
0.677 	 1.253
0.687 	 1.268
0.697 	 1.284
0.707 	 1.299
0.717 	 1.314
0.727 	 1.329
0.737 	 1.344
0.747 	 1.359
0.757 	 1.373
0.767 	 1.388
0.777 	 1.402
0.787 	 1.416
0.797 	 1.430
0.807 	 1.444
0.817 	 1.458
0.827 	 1.472
0.837 	 1.485
0.847 	 1.498
0.857 	 1.512
0.867 	 1.525
0.877 	 1.537
0.887 	 1.550
0.897 	 1.563
0.907 	 1.575
0.917 	 1.587
0.927 	 1.599
0.937 	 1.611
0.947 	 1.623
0.957 	 1.635
0.967 	 1.646
0.977 	 1.657
0.987 	 1.669
0.997 	 1.679
1.007 	 1.690
1.017 	 1.701
1.027 	 1.711
1.037 	 1.722
1.047 	 1.732
1.057 	 1.742
1.067 	 1.751
1.077 	 1.761
1.087 	 1.770
1.097 	 1.780
1.107 	 1.789
1.117 	 1.797
1.127 	 1.806
1.137 	 1.815
1.147 	 1.823
1.157 	 1.831
1.167 	 1.839
1.177 	 1.847
1.187 	 1.854
1.197 	 1.862
1.207 	 1.869
1.217 	 1.876
1.227 	 1.883
1.237 	 1.889
1.247 	 1.896
1.257 	 1.902
1.267 	 1.908
1.277 	 1.914
1.287 	 1.920
1.297 	 1.925
1.307 	 1.931
1.317 	 1.936
1.327 	 1.941
1.337 	 1.946
1.347 	 1.950
1.357 	 1.954
1.367 	 1.959
1.377 	 1.962
1.387 	 1.966
1.397 	 1.970
1.407 	 1.973
1.417 	 1.976
1.427 	 1.979
1.437 	 1.982
1.447 	 1.985
1.457 	 1.987
1.467 	 1.989
1.477 	 1.991
1.487 	 1.993
1.497 	 1.995
1.507 	 1.996
1.517 	 1.997
1.527 	 1.998
1.537 	 1.999
1.547 	 1.999
1.557 	 2.000
1.567 	 2.000
1.577 	 2.000
1.587 	 2.000
1.597 	 1.999
1.607 	 1.999
1.617 	 1.998
1.627 	 1.997
1.637 	 1.996
1.647 	 1.994
1.657 	 1.993
1.667 	 1.991
1.677 	 1.989
1.687 	 1.987
1.697 	 1.984
1.707 	 1.982
1.717 	 1.979
1.727 	 1.976
1.737 	 1.973
1.747 	 1.969
1.757 	 1.965
1.767 	 1.962
1.777 	 1.958
1.787 	 1.954
1.797 	 1.949
1.807 	 1.945
1.817 	 1.940
1.827 	 1.935
1.837 	 1.930
1.847 	 1.924
1.857 	 1.919
1.867 	 1.913
1.877 	 1.907
1.887 	 1.901
1.897 	 1.895
1.907 	 1.888
1.917 	 1.881
1.927 	 1.875
1.937 	 1.868
1.947 	 1.860
1.957 	 1.853
1.967 	 1.845
1.977 	 1.837
1.987 	 1.829
1.997 	 1.821
2.007 	 1.813
2.017 	 1.804
2.027 	 1.796
2.037 	 1.787
2.047 	 1.778
2.057 	 1.768
2.067 	 1.759
2.077 	 1.749
2.087 	 1.740
2.097 	 1.730
2.107 	 1.719
2.117 	 1.709
2.127 	 1.699
2.137 	 1.688
2.147 	 1.677
2.157 	 1.666
2.167 	 1.655
2.177 	 1.644
2.187 	 1.632
2.197 	 1.621
2.207 	 1.609
2.217 	 1.597
2.227 	 1.585
2.237 	 1.573
2.247 	 1.560
2.257 	 1.548
2.267 	 1.535
2.277 	 1.522
2.287 	 1.509
2.297 	 1.496
2.307 	 1.482
2.317 	 1.469
2.327 	 1.455
2.337 	 1.441
2.347 	 1.427
2.357 	 1.413
2.367 	 1.399
2.377 	 1.385
2.387 	 1.370
2.397 	 1.356
2.407 	 1.341
2.417 	 1.326
2.427 	 1.311
2.437 	 1.296
2.447 	 1.280
2.457 	 1.265
2.467 	 1.249
2.477 	 1.234
2.487 	 1.218
2.497 	 1.202
2.507 	 1.186
2.517 	 1.170
2.527 	 1.154
2.537 	 1.137
2.547 	 1.121
2.557 	 1.104
2.567 	 1.087
2.577 	 1.070
2.587 	 1.054
2.597 	 1.036
2.607 	 1.019
2.617 	 1.002
2.627 	 0.985
2.637 	 0.967
2.647 	 0.950
2.657 	 0.932
2.667 	 0.914
2.677 	 0.896
2.687 	 0.879
2.697 	 0.861
2.707 	 0.842
2.717 	 0.824
2.727 	 0.806
2.737 	 0.788
2.747 	 0.769
2.757 	 0.751
2.767 	 0.732
2.777 	 0.713
2.787 	 0.695
2.797 	 0.676
2.807 	 0.657
2.817 	 0.638
2.827 	 0.619
2.837 	 0.600
2.847 	 0.581
2.857 	 0.562
2.867 	 0.543
2.877 	 0.523
2.887 	 0.504
2.897 	 0.485
2.907 	 0.465
2.917 	 0.446
2.927 	 0.426
2.937 	 0.407
2.947 	 0.387
2.957 	 0.367
2.967 	 0.348
2.977 	 0.328
2.987 	 0.308
2.997 	 0.289
3.007 	 0.269
3.017 	 0.249
3.027 	 0.229
3.037 	 0.209
3.047 	 0.189
3.057 	 0.169
3.067 	 0.149
3.077 	 0.129
3.087 	 0.110
3.097 	 0.090
3.107 	 0.070
3.117 	 0.050
3.127 	 0.030
3.137 	 0.010
3.147 	 -0.010
3.157 	 -0.030
3.167 	 -0.050
3.177 	 -0.070
3.187 	 -0.090
3.197 	 -0.110
3.207 	 -0.130
3.217 	 -0.150
3.227 	 -0.170
3.237 	 -0.190
3.247 	 -0.210
3.257 	 -0.230
3.267 	 -0.250
3.277 	 -0.270
3.287 	 -0.289
3.297 	 -0.309
3.307 	 -0.329
3.317 	 -0.349
3.327 	 -0.368
3.337 	 -0.388
3.347 	 -0.408
3.357 	 -0.427
3.367 	 -0.447
3.377 	 -0.466
3.387 	 -0.486
3.397 	 -0.505
3.407 	 -0.524
3.417 	 -0.544
3.427 	 -0.563
3.437 	 -0.582
3.447 	 -0.601
3.457 	 -0.620
3.467 	 -0.639
3.477 	 -0.658
3.487 	 -0.677
3.497 	 -0.696
3.507 	 -0.714
3.517 	 -0.733
3.527 	 -0.752
3.537 	 -0.770
3.547 	 -0.788
3.557 	 -0.807
3.567 	 -0.825
3.577 	 -0.843
3.587 	 -0.861
3.597 	 -0.879
3.607 	 -0.897
3.617 	 -0.915
3.627 	 -0.933
3.637 	 -0.950
3.647 	 -0.968
3.657 	 -0.985
3.667 	 -1.003
3.677 	 -1.020
3.687 	 -1.037
3.697 	 -1.054
3.707 	 -1.071
3.717 	 -1.088
3.727 	 -1.105
3.737 	 -1.121
3.747 	 -1.138
3.757 	 -1.154
3.767 	 -1.171
3.777 	 -1.187
3.787 	 -1.203
3.797 	 -1.219
3.807 	 -1.234
3.817 	 -1.250
3.827 	 -1.266
3.837 	 -1.281
3.847 	 -1.296
3.857 	 -1.312
3.867 	 -1.327
3.877 	 -1.342
3.887 	 -1.356
3.897 	 -1.371
3.907 	 -1.385
3.917 	 -1.400
3.927 	 -1.414
3.937 	 -1.428
3.947 	 -1.442
3.957 	 -1.456
3.967 	 -1.469
3.977 	 -1.483
3.987 	 -1.496
3.997 	 -1.509
4.007 	 -1.522
4.017 	 -1.535
4.027 	 -1.548
4.037 	 -1.561
4.047 	 -1.573
4.057 	 -1.585
4.067 	 -1.598
4.077 	 -1.609
4.087 	 -1.621
4.097 	 -1.633
4.107 	 -1.644
4.117 	 -1.656
4.127 	 -1.667
4.137 	 -1.678
4.147 	 -1.689
4.157 	 -1.699
4.167 	 -1.710
4.177 	 -1.720
4.187 	 -1.730
4.197 	 -1.740
4.207 	 -1.750
4.217 	 -1.759
4.227 	 -1.769
4.237 	 -1.778
4.247 	 -1.787
4.257 	 -1.796
4.267 	 -1.805
4.277 	 -1.813
4.287 	 -1.822
4.297 	 -1.830
4.307 	 -1.838
4.317 	 -1.846
4.327 	 -1.853
4.337 	 -1.861
4.347 	 -1.868
4.357 	 -1.875
4.367 	 -1.882
4.377 	 -1.888
4.387 	 -1.895
4.397 	 -1.901
4.407 	 -1.907
4.417 	 -1.913
4.427 	 -1.919
4.437 	 -1.925
4.447 	 -1.930
4.457 	 -1.935
4.467 	 -1.940
4.477 	 -1.945
4.487 	 -1.949
4.497 	 -1.954
4.507 	 -1.958
4.517 	 -1.962
4.527 	 -1.966
4.537 	 -1.969
4.547 	 -1.973
4.557 	 -1.976
4.567 	 -1.979
4.577 	 -1.982
4.587 	 -1.984
4.597 	 -1.987
4.607 	 -1.989
4.617 	 -1.991
4.627 	 -1.993
4.637 	 -1.994
4.647 	 -1.996
4.657 	 -1.997
4.667 	 -1.998
4.677 	 -1.999
4.687 	 -1.999
4.697 	 -2.000
4.707 	 -2.000
4.717 	 -2.000
4.727 	 -2.000
4.737 	 -1.999
4.747 	 -1.999
4.757 	 -1.998
4.767 	 -1.997
4.777 	 -1.996
4.787 	 -1.994
4.797 	 -1.993
4.807 	 -1.991
4.817 	 -1.989
4.827 	 -1.987
4.837 	 -1.985
4.847 	 -1.982
4.857 	 -1.979
4.867 	 -1.976
4.877 	 -1.973
4.887 	 -1.970
4.897 	 -1.966
4.907 	 -1.962
4.917 	 -1.958
4.927 	 -1.954
4.937 	 -1.950
4.947 	 -1.945
4.957 	 -1.941
4.967 	 -1.936
4.977 	 -1.930
4.987 	 -1.925
4.997 	 -1.920
5.007 	 -1.914
5.017 	 -1.908
5.027 	 -1.902
5.037 	 -1.896
5.047 	 -1.889
5.057 	 -1.883
5.067 	 -1.876
5.077 	 -1.869
5.087 	 -1.861
5.097 	 -1.854
5.107 	 -1.846
5.117 	 -1.839
5.127 	 -1.831
5.137 	 -1.823
5.147 	 -1.814
5.157 	 -1.806
5.167 	 -1.797
5.177 	 -1.788
5.187 	 -1.779
5.197 	 -1.770
5.207 	 -1.760
5.217 	 -1.751
5.227 	 -1.741
5.237 	 -1.731
5.247 	 -1.721
5.257 	 -1.711
5.267 	 -1.700
5.277 	 -1.690
5.287 	 -1.679
5.297 	 -1.668
5.307 	 -1.657
5.317 	 -1.646
5.327 	 -1.634
5.337 	 -1.623
5.347 	 -1.611
5.357 	 -1.599
5.367 	 -1.587
5.377 	 -1.575
5.387 	 -1.562
5.397 	 -1.550
5.407 	 -1.537
5.417 	 -1.524
5.427 	 -1.511
5.437 	 -1.498
5.447 	 -1.484
5.457 	 -1.471
5.467 	 -1.457
5.477 	 -1.444
5.487 	 -1.430
5.497 	 -1.416
5.507 	 -1.401
5.517 	 -1.387
5.527 	 -1.373
5.537 	 -1.358
5.547 	 -1.343
5.557 	 -1.328
5.567 	 -1.313
5.577 	 -1.298
5.587 	 -1.283
5.597 	 -1.267
5.607 	 -1.252
5.617 	 -1.236
5.627 	 -1.220
5.637 	 -1.205
5.647 	 -1.189
5.657 	 -1.172
5.667 	 -1.156
5.677 	 -1.140
5.687 	 -1.123
5.697 	 -1.107
5.707 	 -1.090
5.717 	 -1.073
5.727 	 -1.056
5.737 	 -1.039
5.747 	 -1.022
5.757 	 -1.005
5.767 	 -0.987
5.777 	 -0.970
5.787 	 -0.952
5.797 	 -0.935
5.807 	 -0.917
5.817 	 -0.899
5.827 	 -0.881
5.837 	 -0.863
5.847 	 -0.845
5.857 	 -0.827
5.867 	 -0.809
5.877 	 -0.791
5.887 	 -0.772
5.897 	 -0.754
5.907 	 -0.735
5.917 	 -0.716
5.927 	 -0.698
5.937 	 -0.679
5.947 	 -0.660
5.957 	 -0.641
5.967 	 -0.622
5.977 	 -0.603
5.987 	 -0.584
5.997 	 -0.565
6.007 	 -0.546
6.017 	 -0.526
6.027 	 -0.507
6.037 	 -0.488
6.047 	 -0.468
6.057 	 -0.449
6.067 	 -0.429
6.077 	 -0.410
6.087 	 -0.390
6.097 	 -0.371
6.107 	 -0.351
6.117 	 -0.331
6.127 	 -0.311
6.137 	 -0.292
6.147 	 -0.272
6.157 	 -0.252
6.167 	 -0.232
6.177 	 -0.212
6.187 	 -0.192
6.197 	 -0.173
6.207 	 -0.153
6.217 	 -0.133
6.227 	 -0.113
6.237 	 -0.093
6.247 	 -0.073
6.257 	 -0.053
6.267 	 -0.033
6.277 	 -0.013
